uid, gid
0, 1489
0, 4789
1, 5012
1, 9615
2, 1249
2, 2507
2, 9039
3, 142
3, 7096
3, 8620
3, 9847
4, 936
4, 1261
4, 2506
4, 6245
4, 7034
5, 853
5, 2128
6, 899
6, 2865
6, 3451
6, 5559
6, 6442
7, 3389
7, 4199
7, 6272
7, 7278
7, 8635
8, 154
8, 1020
8, 1618
8, 2453
8, 6631
8, 8599
9, 2089
9, 2637
9, 4850
9, 5917
9, 6159
10, 547
10, 4250
10, 5058
10, 6420
10, 7690
11, 1678
11, 3422
12, 2772
12, 3265
12, 5887
12, 9802
13, 2306
13, 2653
13, 3558
13, 4644
13, 5850
13, 7028
14, 4756
14, 5493
14, 7685
15, 5817
15, 6463
16, 3550
16, 4097
16, 6259
16, 7276
17, 5137
17, 5648
17, 6441
17, 6484
18, 1022
18, 3211
19, 99
19, 1549
19, 1625
20, 2262
20, 2638
20, 3115
21, 1319
21, 3878
21, 4659
21, 6657
21, 6952
21, 9109
21, 9439
21, 9781
22, 1436
22, 1686
22, 4699
22, 6458
22, 7392
23, 1374
23, 5185
24, 4493
24, 8394
25, 24
25, 2781
25, 4613
25, 6234
25, 6479
25, 8406
26, 2248
26, 3869
26, 4795
26, 4992
26, 5466
27, 356
27, 6521
27, 9706
28, 3660
28, 8001
28, 8989
29, 4804
30, 12
30, 2139
30, 2180
30, 2871
30, 4314
30, 4356
30, 4856
30, 4952
31, 477
31, 953
31, 1102
31, 3087
31, 5334
31, 5624
32, 7092
32, 8733
32, 9582
32, 9646
33, 2989
33, 4045
33, 5652
33, 5880
33, 9636
34, 1537
34, 6169
35, 2114
35, 4004
35, 5935
35, 6806
35, 9529
36, 1142
36, 1647
37, 1869
37, 3402
37, 6339
38, 525
38, 1214
38, 1818
38, 2115
38, 2179
38, 5369
38, 8008
39, 5764
39, 9431
40, 1744
40, 6747
41, 2787
41, 3866
41, 6243
41, 7011
41, 7178
42, 1387
42, 2686
42, 3560
42, 3659
42, 4569
42, 6810
42, 7875
42, 7914
42, 8180
43, 1799
43, 5469
43, 7291
44, 1228
44, 2100
44, 5792
44, 7138
44, 8671
45, 2288
45, 6233
45, 6712
45, 9166
46, 3262
46, 8355
46, 9870
47, 813
47, 2153
47, 3639
47, 6040
48, 753
49, 2392
49, 4497
49, 5117
49, 5291
49, 9743
50, 3579
50, 3780
50, 6820
50, 8749
51, 30
51, 197
51, 2513
51, 5262
51, 7042
51, 9452
51, 9656
52, 2013
52, 5967
53, 1624
53, 2267
53, 7629
53, 8203
54, 194
54, 3762
54, 8768
54, 9626
55, 1472
55, 1738
56, 1347
56, 1463
56, 3213
56, 5864
56, 6661
56, 7136
56, 8168
57, 6976
57, 7077
57, 9083
57, 9160
58, 479
58, 755
58, 3747
58, 6857
59, 478
59, 487
59, 5939
60, 965
60, 2004
60, 2273
60, 4783
60, 6727
60, 6901
60, 8028
60, 8982
60, 9694
61, 34
61, 3681
61, 9374
62, 2065
62, 6699
62, 7287
62, 9387
62, 9987
63, 7258
63, 8793
64, 1117
64, 3150
65, 6440
66, 425
66, 6141
66, 8031
67, 133
67, 3244
67, 6716
67, 9984
68, 2025
68, 3091
68, 3880
68, 5346
69, 1424
69, 1831
69, 2459
69, 6549
70, 751
71, 1488
71, 3454
71, 9200
71, 9664
72, 3429
72, 6388
72, 7533
72, 9180
73, 1540
73, 2329
73, 3544
73, 6048
74, 2783
74, 4705
74, 5026
76, 916
76, 1902
76, 4448
76, 7186
76, 9096
77, 4663
77, 5929
77, 8568
78, 3385
78, 6087
78, 8989
79, 4748
79, 4806
79, 6840
79, 7714
79, 8716
80, 2121
80, 2416
80, 3114
80, 4567
80, 4768
80, 6866
80, 8537
81, 143
81, 1770
81, 4558
81, 4759
81, 5283
81, 9551
82, 521
82, 1997
82, 8987
83, 597
83, 1546
83, 3390
83, 3442
83, 5833
83, 7255
83, 8412
84, 6205
84, 6483
85, 84
85, 1975
85, 5900
85, 7315
85, 9906
86, 2225
86, 3082
86, 4513
86, 5396
87, 146
87, 1807
87, 4218
88, 872
88, 1523
89, 8950
89, 9821
90, 1499
90, 4198
90, 6668
90, 7031
91, 25
91, 1616
91, 1822
91, 5692
91, 6708
92, 2072
92, 3955
92, 5299
92, 5961
92, 7669
92, 9593
93, 1325
93, 3569
93, 7314
94, 525
94, 2262
94, 5057
94, 5779
94, 8055
95, 2809
95, 4151
95, 8536
96, 1547
96, 3935
96, 5363
96, 8677
96, 9562
97, 4002
97, 5099
97, 7222
97, 9950
98, 4169
98, 5728
99, 2450
99, 7814
100, 9057
101, 2206
101, 8134
102, 3976
102, 4722
102, 7108
102, 7957
102, 9230
103, 411
103, 2151
103, 2365
103, 3779
103, 5764
103, 5946
103, 9420
104, 45
104, 3788
104, 3939
104, 5221
104, 7306
104, 8419
104, 8935
105, 1374
105, 4968
105, 7838
105, 8133
105, 9235
106, 446
106, 1407
106, 9223
107, 1464
107, 2265
107, 2907
107, 2911
107, 3927
107, 8175
107, 9457
108, 526
108, 1542
108, 2698
108, 6514
108, 9431
109, 2137
109, 3336
109, 3708
109, 4838
109, 5513
109, 6511
109, 6620
109, 7771
109, 8578
109, 9293
110, 2271
110, 2343
110, 6854
110, 8183
110, 9680
110, 9928
111, 201
111, 559
111, 5101
111, 8481
112, 19
112, 7273
112, 9613
113, 3304
113, 3399
113, 4629
113, 5186
114, 3770
114, 7573
114, 7604
115, 6230
115, 7332
115, 7540
115, 9142
116, 4329
116, 4839
117, 532
117, 2674
117, 2839
117, 4583
117, 5715
117, 6522
118, 2252
118, 5784
118, 8608
118, 8973
119, 818
119, 2878
119, 3543
121, 5352
121, 7565
121, 9799
122, 2857
122, 4022
122, 6426
122, 6540
122, 8157
122, 8764
122, 8879
123, 2441
123, 6507
123, 9961
124, 64
124, 2775
124, 3305
124, 3396
124, 9428
125, 87
125, 1489
125, 4637
125, 6882
125, 7813
126, 1486
126, 3647
126, 5161
126, 7357
127, 272
127, 551
127, 6778
127, 6898
127, 7132
127, 7663
127, 7960
127, 9444
127, 9589
128, 2160
129, 413
129, 7745
129, 8979
129, 9531
130, 281
130, 646
130, 1848
130, 5143
130, 8250
131, 810
131, 2750
131, 5169
131, 6050
131, 6324
131, 8201
131, 9027
131, 9924
132, 2758
132, 3718
132, 5328
133, 1995
133, 2243
133, 3245
133, 4475
133, 5811
133, 7504
134, 67
134, 516
134, 2337
134, 6371
134, 6430
134, 6780
134, 8574
135, 7000
135, 7581
135, 8401
136, 2809
137, 894
137, 3272
137, 3997
137, 4945
137, 6135
137, 6788
137, 8229
137, 9832
138, 663
138, 1338
138, 3528
138, 6006
138, 8145
138, 8668
139, 1346
139, 3908
139, 4411
140, 1208
141, 1745
141, 2980
142, 1552
142, 4012
142, 4917
142, 5190
142, 7128
142, 7485
142, 7600
142, 9784
143, 269
143, 1148
143, 2593
143, 4407
144, 1797
144, 4627
144, 6663
145, 117
145, 424
145, 1376
145, 3076
145, 6403
145, 8002
145, 8039
145, 8501
146, 197
146, 4426
146, 6293
147, 783
147, 997
147, 6408
147, 7753
147, 8515
148, 3161
148, 6159
148, 7251
148, 7938
149, 3700
149, 6273
149, 7898
149, 8937
149, 9026
149, 9253
150, 506
150, 1638
150, 3419
150, 9917
151, 2962
151, 4632
151, 6068
151, 8575
151, 8600
152, 427
152, 1541
152, 3120
152, 5643
152, 7144
152, 9618
153, 359
153, 518
153, 3607
153, 7225
153, 9004
153, 9070
154, 3299
154, 8965
154, 9977
155, 728
155, 2747
155, 7482
155, 9722
156, 5958
156, 6867
156, 8687
156, 9211
156, 9711
157, 424
157, 3235
157, 7961
157, 8900
158, 93
158, 1849
158, 2654
158, 3802
158, 4073
158, 7573
159, 52
159, 1459
159, 3114
159, 4355
159, 9507
160, 194
160, 1956
160, 2940
160, 4542
161, 752
161, 3607
161, 4619
161, 6313
161, 8005
161, 9258
161, 9848
162, 2001
162, 7417
163, 165
163, 1154
163, 3165
163, 4983
163, 6921
163, 8866
163, 9700
164, 4065
164, 5151
164, 7661
164, 8729
165, 2991
165, 4055
165, 5255
165, 7564
165, 7679
165, 8507
165, 9941
166, 5136
166, 8512
167, 5269
167, 5456
167, 7072
167, 8833
167, 9314
167, 9703
168, 4926
168, 7117
169, 492
169, 1885
169, 2865
169, 6243
169, 8285
170, 2241
170, 2602
170, 4396
171, 1105
171, 2951
171, 3886
171, 4165
171, 6838
171, 7355
171, 8664
171, 9098
171, 9402
172, 587
172, 3955
172, 4869
172, 7031
172, 7331
173, 1208
173, 1985
173, 3532
173, 5958
173, 7291
173, 7388
173, 8547
174, 3133
174, 4042
174, 4213
175, 749
175, 5134
175, 6709
175, 7937
175, 9178
176, 5492
177, 1337
177, 5036
177, 7730
178, 199
178, 4872
179, 4914
179, 7333
179, 9569
180, 1278
180, 1934
180, 2983
180, 6246
180, 7429
181, 751
181, 3552
181, 4941
181, 7513
181, 9567
182, 550
182, 620
182, 2412
182, 3724
182, 6896
182, 7864
182, 8889
183, 1504
183, 2194
183, 3820
183, 4044
183, 5243
183, 8324
184, 3782
185, 814
185, 4060
186, 1186
186, 1241
186, 1612
186, 5950
187, 3613
187, 5360
187, 5448
187, 7921
188, 5174
188, 6090
188, 8201
189, 333
189, 2384
189, 5377
189, 5473
190, 7427
191, 2092
191, 2975
191, 3508
191, 3530
191, 4191
191, 5871
191, 5962
192, 2710
192, 2731
192, 9708
193, 1414
193, 4635
194, 977
194, 7761
194, 9526
195, 4310
196, 492
196, 500
196, 8938
197, 528
197, 4925
197, 5988
198, 724
198, 3737
198, 5509
199, 191
199, 351
199, 922
199, 9978
200, 1621
200, 2658
200, 7902
200, 9167
201, 1314
201, 3522
201, 3907
201, 4261
201, 6619
202, 909
202, 1512
202, 1800
202, 4923
202, 5220
202, 6896
203, 1385
203, 3172
203, 7172
203, 8505
203, 8908
203, 8934
204, 8737
205, 78
205, 3846
205, 8701
205, 9653
206, 469
206, 2150
206, 3099
206, 3128
206, 4836
207, 4597
207, 7293
208, 138
208, 694
208, 1105
208, 3739
208, 5417
208, 5449
208, 5624
208, 7373
209, 2759
209, 5554
209, 6737
209, 8309
209, 8668
210, 2164
211, 2106
211, 3677
211, 9053
212, 4244
212, 4255
212, 5151
212, 5381
212, 6121
212, 6936
212, 9623
213, 189
213, 759
213, 2140
213, 4451
213, 5769
213, 8657
213, 8868
213, 9592
214, 5095
214, 5651
215, 1226
215, 3195
215, 8943
216, 3209
217, 5634
217, 8271
217, 9291
217, 9742
218, 2434
218, 4895
218, 7133
218, 9084
218, 9112
219, 985
219, 2962
219, 6308
219, 7520
220, 6317
221, 1207
221, 1898
221, 3171
221, 3413
221, 3439
221, 3872
221, 4188
221, 4717
221, 6412
222, 1228
222, 1580
222, 4289
222, 5809
223, 2871
224, 1528
224, 6402
225, 1419
225, 2176
225, 7006
225, 7259
226, 3577
226, 4330
226, 5344
226, 6021
226, 6043
226, 6059
226, 6247
226, 6255
226, 9414
226, 9751
227, 601
227, 2295
227, 4148
227, 4420
228, 5634
228, 6305
229, 9853
230, 535
230, 2947
230, 6434
230, 7495
230, 7959
231, 743
231, 3950
232, 7341
233, 4252
233, 4996
234, 2645
234, 3064
235, 989
235, 9597
236, 1532
236, 4158
237, 2099
237, 2862
237, 8222
237, 8387
237, 9674
238, 1750
238, 4877
238, 4979
238, 5298
238, 7278
238, 7794
238, 9254
238, 9911
239, 760
239, 1527
239, 4068
239, 4433
239, 5965
239, 9651
240, 354
240, 820
240, 1251
240, 2666
240, 2840
240, 3889
241, 1196
241, 2169
241, 6554
241, 7968
241, 9972
242, 791
242, 4128
242, 5537
243, 1518
243, 1645
243, 3726
243, 5212
243, 5671
243, 5899
243, 8785
243, 9552
243, 9671
244, 713
244, 1356
244, 7958
244, 8156
244, 9154
245, 7268
245, 9079
246, 1442
246, 4995
246, 6435
246, 6488
246, 6944
247, 5148
248, 7774
248, 8851
249, 9329
249, 9864
250, 2082
250, 3636
251, 3019
251, 6492
251, 9641
252, 2239
252, 3229
252, 4923
252, 7917
252, 9658
253, 2885
254, 344
254, 1331
254, 1900
254, 3111
254, 6635
254, 9560
255, 8028
255, 9850
256, 2430
256, 5946
256, 8856
257, 580
257, 2520
257, 2541
257, 5266
257, 8658
258, 485
258, 3723
258, 4177
258, 4853
258, 8041
258, 8755
258, 8758
259, 1281
259, 2379
259, 3751
259, 6095
259, 7471
260, 3596
260, 6022
260, 7737
260, 9228
261, 97
261, 317
261, 358
261, 2115
261, 3409
261, 6156
262, 3847
262, 4504
262, 5253
263, 2261
263, 2538
263, 4733
263, 7821
263, 9820
264, 621
264, 2950
264, 5749
265, 2600
265, 3221
265, 7145
265, 9104
266, 515
266, 1975
266, 5308
266, 6053
266, 6096
266, 8414
267, 168
267, 4652
267, 4692
267, 7216
267, 9614
267, 9629
268, 951
268, 4421
268, 4867
268, 5515
269, 1285
269, 2012
269, 6764
269, 7852
269, 9769
270, 54
270, 1926
270, 2704
270, 4227
270, 7126
271, 832
271, 878
271, 1688
271, 2894
271, 4233
271, 7239
272, 1321
272, 2673
272, 2887
272, 3851
272, 8654
273, 3580
273, 4016
273, 6061
273, 7518
274, 7839
275, 23
275, 5308
275, 6569
275, 7603
275, 8322
275, 9183
276, 1435
276, 4404
276, 6439
276, 7916
277, 3548
277, 4454
277, 5806
277, 6451
277, 6624
277, 7983
277, 8150
277, 9890
278, 260
278, 1425
278, 1620
278, 6222
278, 7174
278, 9528
279, 3918
279, 5641
280, 539
280, 1073
280, 3634
280, 9274
281, 4487
281, 6175
281, 6293
281, 8279
281, 8611
282, 1755
282, 2532
282, 2548
282, 4955
282, 6687
282, 6782
282, 9086
283, 3712
283, 5359
283, 5652
283, 7190
284, 549
284, 2178
284, 4453
284, 6469
284, 7160
285, 297
285, 1733
285, 5762
285, 7598
286, 2896
286, 4198
286, 4253
286, 4857
286, 7444
286, 8031
286, 8788
287, 2969
287, 6885
287, 8881
287, 9494
287, 9529
288, 3912
288, 5126
288, 7386
289, 2276
289, 2348
289, 7350
289, 8153
290, 8842
290, 9408
291, 2756
291, 9973
292, 837
292, 2822
292, 9045
293, 3566
294, 6649
294, 6870
294, 9323
295, 1722
295, 2442
295, 2859
295, 3015
295, 8355
295, 8449
295, 9715
296, 4577
296, 8255
296, 8299
297, 701
297, 3591
297, 4501
297, 7905
298, 2697
298, 7619
298, 8849
298, 9446
299, 5062
299, 7061
299, 7205
299, 8183
299, 8627
299, 8774
299, 9245
300, 338
300, 747
300, 1615
300, 3647
300, 5625
300, 5889
300, 6131
300, 8253
301, 3490
301, 8366
301, 9485
301, 9912
302, 4913
302, 6022
302, 6177
302, 6307
302, 7858
302, 8835
302, 9511
303, 291
303, 1711
303, 3326
303, 4263
303, 4327
303, 7054
303, 7058
303, 9512
304, 2432
304, 2806
304, 5340
305, 170
305, 2008
305, 2341
305, 3500
305, 3861
305, 7211
306, 2937
306, 3692
306, 4890
306, 6689
306, 8923
306, 8936
307, 85
307, 1246
307, 5670
307, 7384
307, 8050
307, 9780
308, 135
308, 4864
308, 8309
308, 8327
309, 700
309, 2058
309, 2419
309, 3703
309, 7950
309, 9926
310, 42
310, 438
310, 8753
311, 3047
311, 6593
311, 8557
311, 9602
312, 3029
312, 6728
312, 7429
312, 8631
312, 8822
312, 9767
313, 505
313, 920
313, 2582
313, 8301
313, 9373
314, 1233
314, 3777
314, 4046
314, 4397
314, 9319
315, 1611
315, 6398
315, 7869
315, 8480
316, 1648
316, 3273
316, 5562
316, 6262
316, 9018
316, 9702
317, 5374
317, 8567
318, 2099
318, 3672
318, 5257
318, 5687
318, 5825
318, 6375
320, 2395
320, 6938
320, 9693
320, 9707
322, 1443
322, 2463
322, 6800
323, 5502
323, 6615
323, 7183
323, 8035
324, 555
324, 1702
324, 2603
324, 5557
325, 3434
325, 3476
325, 3815
325, 5434
325, 9999
326, 4770
326, 7242
327, 872
327, 3328
327, 6425
327, 6962
327, 10000
329, 2676
329, 3824
330, 2580
330, 8429
330, 9122
330, 9496
331, 919
331, 2087
331, 5345
331, 7871
332, 7383
333, 772
333, 958
333, 2648
333, 3668
333, 7824
333, 8547
334, 2618
334, 3801
335, 2558
335, 5438
335, 5642
336, 759
336, 1081
336, 4465
336, 5672
336, 5969
337, 1551
337, 6203
337, 7415
338, 1021
338, 9151
339, 59
340, 3117
340, 3818
340, 6769
341, 534
341, 633
341, 2307
341, 5469
342, 92
342, 835
342, 1361
342, 6955
343, 1310
343, 4432
343, 7063
344, 37
344, 660
344, 1979
344, 4208
344, 4667
344, 5851
344, 7380
344, 8395
345, 1790
345, 5614
345, 5711
345, 6513
346, 4341
346, 5211
346, 5415
346, 5429
346, 9875
347, 2069
347, 6732
347, 7605
347, 9465
347, 9921
348, 151
348, 1395
348, 4032
348, 5735
348, 8500
349, 275
349, 1454
349, 2623
349, 6435
349, 8480
349, 8699
350, 592
350, 688
350, 1559
350, 2892
350, 4798
350, 5487
350, 5690
350, 7614
350, 8344
351, 981
351, 3041
351, 5194
351, 5864
351, 6985
351, 7890
351, 9367
352, 591
352, 2926
352, 4294
352, 4675
352, 8295
353, 1535
353, 5007
353, 9710
354, 509
354, 2736
354, 3102
354, 5471
354, 6227
354, 6750
354, 7606
354, 8617
354, 9730
355, 3289
355, 9716
355, 9728
356, 2040
356, 3584
356, 8958
357, 7924
358, 3199
358, 5734
358, 6071
358, 7020
358, 7662
358, 7877
359, 3439
359, 6610
359, 7163
359, 7235
359, 8875
360, 371
360, 747
360, 6374
360, 8213
360, 9594
361, 68
361, 87
361, 445
361, 6478
361, 7196
361, 7328
362, 798
362, 4991
363, 240
363, 1602
363, 1911
363, 4893
363, 8708
364, 2714
364, 5821
364, 6922
365, 2568
365, 6976
366, 3324
367, 3045
367, 4376
367, 6619
367, 7867
368, 2800
368, 4056
368, 5302
369, 3240
369, 3381
369, 5870
369, 9615
370, 2824
370, 7654
371, 4138
371, 6265
372, 8994
373, 1715
373, 3228
373, 8638
374, 16
374, 1133
374, 2074
374, 2351
374, 3689
374, 5318
374, 7271
374, 7368
375, 29
375, 6724
375, 7930
375, 8185
376, 44
376, 1963
376, 5416
376, 6153
377, 1069
377, 1145
377, 5407
378, 7430
378, 9180
379, 408
379, 1128
379, 3625
380, 1191
380, 9250
381, 5105
381, 5154
382, 3550
382, 7333
382, 8706
383, 1920
383, 2457
383, 6517
384, 2488
384, 2779
384, 5906
384, 8078
384, 8646
385, 4117
385, 9639
386, 89
386, 879
386, 3174
386, 5020
386, 5868
386, 6210
386, 6816
386, 8233
386, 9011
387, 3321
387, 7571
387, 9275
387, 9803
388, 632
389, 798
389, 1733
389, 3788
389, 4268
389, 4770
389, 7473
389, 7642
389, 9054
390, 6051
390, 7803
390, 8689
391, 2870
391, 2934
391, 5195
391, 7612
391, 9021
392, 797
392, 1576
392, 1855
392, 4643
392, 5995
392, 6614
392, 9424
393, 489
393, 842
393, 5170
393, 5219
394, 1180
394, 1993
394, 4571
394, 6054
394, 9246
394, 9483
395, 652
395, 1156
395, 2146
395, 3917
395, 6063
395, 6510
395, 7604
395, 8712
395, 9593
396, 1829
396, 5940
396, 6270
396, 8330
396, 8623
396, 8906
397, 1197
397, 4049
397, 8731
398, 2074
398, 4272
398, 5525
398, 9669
399, 108
399, 452
399, 1521
399, 3037
399, 3827
399, 7371
399, 7926
400, 2272
400, 3424
400, 5136
400, 7357
400, 9991
401, 2923
401, 8976
402, 2193
402, 3356
402, 5163
402, 7367
402, 9375
403, 919
403, 3083
403, 5383
403, 6201
403, 6376
403, 6628
403, 8632
403, 9179
404, 8104
404, 8582
405, 1001
405, 2883
405, 3307
405, 8995
406, 1164
406, 1560
406, 2596
406, 9225
406, 9659
407, 4524
407, 4540
407, 5724
407, 9123
408, 6091
408, 8415
409, 1003
409, 1042
409, 1198
409, 1447
409, 1643
409, 2930
410, 49
410, 856
410, 1075
410, 2381
410, 3567
410, 8628
410, 9770
411, 3270
411, 5632
411, 5907
411, 8596
411, 9348
412, 2584
412, 4655
412, 6014
412, 7428
413, 1381
413, 4958
413, 7128
413, 7735
413, 7885
414, 513
415, 2225
415, 4936
416, 589
416, 831
416, 5306
416, 7094
417, 365
417, 545
417, 3670
417, 8224
417, 8490
418, 849
418, 964
418, 3603
418, 4395
419, 3595
419, 5080
419, 7686
419, 9144
420, 149
420, 3526
421, 1307
421, 1350
421, 2046
421, 4870
421, 7696
422, 1347
422, 3677
422, 8609
423, 412
423, 3183
423, 3582
423, 9176
423, 9322
423, 9762
423, 9836
424, 4494
424, 5707
424, 6279
424, 7326
425, 5010
425, 5787
426, 2473
426, 7457
426, 8169
427, 3260
427, 3891
427, 4474
427, 6141
427, 7382
427, 7991
427, 8341
427, 8775
428, 1713
428, 4580
428, 7155
428, 9342
429, 1856
429, 5295
429, 5531
430, 2212
430, 4456
430, 4579
430, 6195
430, 6370
430, 6755
430, 9749
431, 1286
431, 2975
431, 4434
431, 7731
431, 8015
431, 8042
432, 8537
432, 9131
432, 9867
433, 2083
433, 5558
433, 6242
433, 8595
433, 9811
434, 1391
434, 1990
434, 2570
434, 3200
434, 3483
434, 3712
434, 5507
434, 7584
435, 931
435, 1013
435, 1072
435, 3975
436, 325
436, 3813
437, 2702
437, 2831
437, 4554
438, 6256
438, 7507
439, 347
439, 6974
440, 3791
440, 6501
440, 6996
440, 9268
441, 9857
442, 4556
442, 7760
442, 8399
443, 1100
443, 2027
443, 2590
443, 6798
443, 7901
443, 7946
443, 8790
443, 9217
444, 2016
445, 219
445, 3316
445, 9208
446, 9332
446, 9950
447, 3932
447, 7710
447, 8534
447, 9107
447, 9141
448, 3281
448, 3464
448, 5519
448, 9185
448, 9939
449, 447
449, 1126
449, 2705
449, 3014
449, 4050
449, 7420
449, 9299
450, 8693
450, 9279
451, 4498
451, 8536
451, 9187
452, 310
452, 3643
452, 7651
452, 8906
452, 9830
453, 4049
453, 6433
454, 712
454, 1057
454, 1501
455, 882
455, 2354
455, 4758
455, 6825
455, 8552
456, 877
456, 2648
456, 4903
456, 6483
456, 7778
457, 541
457, 1623
457, 5050
457, 5978
457, 6666
458, 6885
458, 6903
458, 6940
459, 5427
459, 6181
459, 6230
459, 7673
460, 2622
460, 6756
460, 7102
460, 7620
460, 8095
461, 205
461, 565
461, 3253
461, 6190
461, 7841
462, 2461
462, 5076
462, 7537
462, 7850
463, 1610
463, 2243
463, 4851
463, 5778
464, 4892
464, 6318
464, 8041
465, 1307
465, 2574
465, 4661
465, 4857
465, 8700
466, 2161
466, 3831
466, 3901
466, 5030
466, 6481
466, 8171
467, 857
467, 1026
467, 3219
467, 4139
467, 4932
467, 7687
467, 7896
467, 9566
468, 7431
468, 8770
470, 4998
470, 9188
470, 9611
471, 4710
471, 8007
471, 9014
471, 9191
472, 549
472, 2917
472, 6355
472, 6415
472, 9766
473, 672
473, 3572
473, 3587
473, 6043
473, 7473
473, 8972
473, 9709
474, 1144
474, 4139
474, 9634
474, 9885
475, 1638
475, 3679
475, 6698
476, 710
476, 2588
476, 2990
476, 5326
476, 6049
477, 1737
477, 2496
477, 8999
478, 1435
478, 8297
478, 8554
479, 2051
479, 2791
479, 3012
479, 3061
479, 7954
480, 1328
480, 6533
480, 7033
480, 8268
480, 8618
481, 140
481, 320
481, 623
481, 800
481, 1248
481, 7214
482, 2633
483, 2606
483, 3693
483, 6842
484, 342
484, 6235
484, 6550
484, 7592
485, 3021
485, 5480
485, 6519
485, 7625
486, 710
486, 814
486, 1362
486, 1509
486, 4020
486, 5459
486, 6568
486, 9001
487, 5122
487, 7081
487, 8263
487, 8716
488, 2804
488, 5244
488, 7758
488, 7880
489, 269
489, 3497
489, 4739
489, 8426
490, 501
490, 797
490, 6813
491, 2961
491, 4124
491, 4526
491, 5196
491, 6533
491, 6694
491, 8738
492, 222
492, 5005
492, 5881
492, 6650
492, 7056
492, 9310
493, 270
493, 3634
493, 5572
493, 6500
493, 7372
493, 8471
493, 8679
494, 173
494, 435
494, 7013
494, 8898
495, 454
495, 5677
496, 8678
497, 6481
497, 7017
498, 2175
498, 3975
498, 4833
499, 3698
499, 9412
500, 3184
500, 6797
500, 7530
500, 8840
501, 5745
501, 9802
502, 1377
502, 1477
502, 9191
503, 1240
503, 1312
503, 1508
504, 6104
504, 6351
504, 7668
504, 8580
504, 9066
505, 472
505, 1335
505, 3255
505, 5065
506, 2425
506, 3210
506, 4977
506, 8085
507, 2229
507, 4114
507, 4713
507, 5102
507, 8263
508, 1148
508, 5639
508, 6835
508, 7311
508, 8092
509, 1845
509, 1939
509, 6473
509, 6599
509, 6996
509, 8176
510, 101
510, 753
510, 2291
510, 3594
510, 8352
510, 9453
511, 866
511, 1292
511, 4418
511, 5844
511, 5866
511, 6596
511, 9430
512, 2948
512, 6975
512, 8998
513, 6518
514, 1082
514, 1977
514, 3828
514, 4090
514, 6102
514, 6657
514, 8427
514, 9330
515, 460
515, 2311
515, 6673
516, 1690
516, 5144
516, 8976
517, 8853
517, 9168
518, 2926
518, 4810
518, 8210
518, 8346
518, 8665
518, 9977
519, 1362
519, 6696
520, 4063
521, 1461
521, 1680
521, 4461
522, 2323
522, 2504
522, 4685
522, 6334
522, 7564
522, 8801
522, 9166
523, 3773
523, 9607
524, 1498
525, 3148
525, 3518
525, 3757
525, 3863
525, 5610
525, 5968
525, 6907
526, 1898
526, 4296
526, 4485
526, 6436
526, 7836
527, 170
527, 286
527, 2185
528, 4184
528, 6149
528, 8926
528, 9417
529, 869
529, 8068
530, 214
530, 2338
531, 8375
532, 2507
532, 5242
533, 1900
533, 2383
533, 5998
533, 7318
534, 3874
534, 4113
534, 5287
534, 5842
534, 5853
535, 5777
535, 6697
535, 7974
535, 9631
536, 838
536, 2033
536, 4353
536, 6776
536, 7332
536, 7483
537, 183
537, 2269
537, 4415
537, 7503
537, 8247
537, 9469
538, 211
538, 3787
538, 6087
538, 6832
539, 4830
540, 2860
540, 4890
540, 4967
541, 2684
541, 2792
541, 4758
541, 5506
541, 5577
542, 1728
542, 2097
542, 6037
542, 6099
542, 6212
542, 8619
543, 5473
543, 5693
543, 6232
543, 7018
545, 677
545, 4633
545, 7194
545, 7980
545, 9402
546, 9297
546, 9929
547, 882
547, 3916
547, 5466
547, 5598
547, 6271
547, 8218
548, 159
548, 3004
548, 4071
548, 7722
548, 8111
549, 2829
549, 3297
549, 7591
550, 2929
550, 4671
550, 7304
550, 8712
551, 61
551, 2388
551, 5627
551, 6912
552, 2517
552, 3456
552, 3680
552, 8497
553, 913
553, 1403
553, 1826
553, 4875
553, 7829
554, 7150
554, 8612
554, 9256
555, 3352
555, 6667
555, 8649
555, 9255
556, 945
556, 2423
556, 2484
557, 3560
557, 7779
557, 8054
558, 118
558, 4715
558, 5156
558, 7500
558, 7599
559, 3136
559, 4690
559, 5284
560, 884
560, 2448
560, 3318
560, 4635
560, 9926
561, 2784
561, 3369
561, 7983
561, 9128
561, 9672
562, 184
562, 636
562, 1619
562, 2236
562, 3394
563, 643
563, 6767
563, 9248
563, 9286
564, 1897
564, 4886
564, 5140
564, 6333
564, 8211
564, 9665
565, 72
565, 955
565, 2671
566, 757
566, 8791
566, 9030
567, 293
567, 337
567, 2102
567, 3961
567, 4379
567, 8705
567, 9899
568, 2657
568, 3304
568, 4830
568, 9514
569, 144
569, 218
569, 6054
569, 9342
570, 1994
570, 2601
570, 3392
570, 3711
570, 5360
571, 318
571, 1639
571, 4614
572, 6924
572, 7980
573, 250
573, 2250
573, 6683
573, 6848
573, 6995
573, 9835
574, 885
575, 783
575, 6344
575, 9042
576, 1032
576, 1405
576, 1811
576, 1965
576, 3948
576, 4807
576, 5867
576, 7018
576, 7342
576, 8122
577, 2394
577, 4210
577, 6052
578, 3694
578, 6613
578, 6666
578, 7425
579, 2892
579, 4433
579, 4441
579, 8981
580, 3230
580, 4037
580, 9527
581, 1903
581, 2942
581, 3714
582, 766
582, 3181
582, 5915
583, 1167
583, 5355
583, 6814
584, 550
584, 1885
584, 5768
584, 7502
584, 8740
585, 1206
585, 2470
585, 2707
585, 3869
586, 5520
586, 5918
586, 9116
587, 2920
587, 7691
587, 9443
588, 1561
589, 1743
589, 5061
589, 5342
589, 6421
589, 6621
589, 7407
589, 7796
590, 1159
591, 2903
591, 6127
592, 1932
592, 2766
592, 3177
592, 3837
592, 7861
593, 2721
593, 5564
593, 8410
594, 5680
594, 6008
594, 9189
594, 9717
595, 121
595, 2114
595, 2149
595, 2785
595, 3448
596, 3759
596, 4889
597, 8350
597, 9315
597, 9583
598, 3468
598, 5551
598, 9667
599, 750
599, 9903
600, 680
600, 5647
600, 7189
601, 201
601, 3162
601, 3681
601, 4511
601, 6589
601, 7929
601, 8069
601, 9268
602, 1945
602, 2744
602, 7277
602, 7807
602, 9488
603, 4657
603, 4675
603, 8459
603, 9087
604, 1639
604, 2952
604, 3549
604, 4436
604, 6754
604, 9475
605, 1781
605, 2342
605, 4707
605, 5594
605, 7139
605, 8869
606, 110
606, 2669
606, 5748
607, 587
607, 4115
607, 5353
607, 5488
608, 1843
608, 1951
608, 3474
608, 3525
608, 4906
609, 1723
609, 5309
609, 7693
609, 7864
610, 6560
610, 7063
610, 8187
610, 9872
611, 227
611, 3983
611, 4454
611, 4781
611, 5207
611, 9386
611, 9584
612, 809
612, 6939
613, 2291
613, 2868
613, 4028
613, 7288
614, 3622
615, 5835
616, 155
616, 2067
617, 5635
617, 6285
617, 7538
617, 7961
618, 1485
618, 2467
618, 3151
618, 7782
619, 445
619, 2492
619, 4599
619, 6528
619, 7315
620, 7902
620, 8058
620, 9456
621, 5704
622, 7865
623, 941
623, 3951
623, 7658
623, 7910
624, 1500
624, 1587
624, 8151
624, 9284
625, 5198
625, 7801
626, 1852
626, 4133
626, 4996
626, 5654
626, 7775
626, 8178
627, 4779
627, 7810
627, 8485
628, 2828
628, 9736
629, 3514
629, 3901
629, 5514
629, 9059
630, 1931
630, 1964
630, 5899
630, 8946
631, 2862
631, 4135
631, 4242
631, 4542
631, 9390
631, 9565
632, 2805
632, 4250
632, 5816
632, 5830
633, 8479
634, 2790
635, 2150
635, 3625
635, 4718
635, 4736
635, 6066
635, 9307
636, 121
636, 370
636, 815
636, 1530
636, 1751
636, 9740
637, 1187
637, 2821
637, 4826
637, 4989
637, 6311
638, 4574
639, 335
639, 4383
640, 384
640, 2594
640, 3695
640, 3710
640, 9094
641, 4214
641, 5524
642, 7632
642, 7837
642, 8065
642, 8411
643, 1299
643, 5393
644, 184
644, 3107
645, 1110
645, 2636
645, 4357
645, 7344
645, 9633
646, 1763
646, 5822
646, 6713
646, 7539
647, 3858
647, 5644
647, 6444
648, 874
648, 5638
648, 6886
648, 8673
649, 2213
649, 3496
649, 5702
649, 7004
649, 7667
649, 9303
650, 5238
651, 399
651, 2173
651, 2230
651, 2593
651, 3778
652, 811
652, 5295
652, 7831
652, 8580
652, 9467
652, 9608
653, 571
653, 1439
653, 7630
655, 968
655, 4222
655, 5786
655, 6350
655, 6970
655, 7568
656, 2188
656, 4967
656, 4992
656, 9241
657, 122
657, 1427
657, 4909
658, 1441
658, 2565
658, 5463
658, 5551
658, 8626
658, 8736
658, 8803
659, 2818
659, 8044
660, 393
660, 3431
660, 6187
660, 8422
661, 4273
661, 4386
661, 6793
661, 9249
661, 9461
662, 465
662, 4014
663, 931
663, 2670
663, 9290
663, 9532
664, 3303
664, 7881
665, 145
665, 4342
665, 5388
665, 8956
666, 6194
666, 9756
667, 1138
667, 4209
667, 8165
668, 4307
668, 7699
668, 9020
668, 9517
669, 3467
669, 8320
670, 5315
670, 6639
671, 361
671, 2750
671, 3835
671, 6389
671, 9068
672, 3858
672, 3988
672, 5374
672, 8163
673, 3005
673, 4375
673, 6013
674, 684
674, 3157
675, 5705
676, 4290
676, 5985
676, 6539
676, 7320
676, 7885
676, 9244
677, 3330
677, 6605
677, 9090
678, 3669
679, 3656
679, 7630
679, 9617
680, 1006
680, 3800
680, 5475
680, 6735
680, 9192
680, 9278
681, 10
681, 1709
681, 7025
681, 7649
682, 52
682, 548
682, 1247
682, 2578
682, 4457
682, 5584
682, 6529
682, 9754
683, 1030
683, 1626
683, 6475
683, 9035
684, 1
684, 2858
684, 4888
684, 8046
684, 8288
684, 8998
685, 2535
685, 5409
685, 6093
685, 6917
685, 6945
685, 7084
686, 1941
686, 2748
686, 4101
686, 6538
686, 8421
686, 9821
687, 3798
687, 4546
687, 5863
687, 9118
687, 9734
688, 2480
688, 6950
688, 7122
688, 9538
689, 1369
689, 3406
689, 4106
689, 5795
689, 7828
690, 26
691, 334
691, 1778
691, 2277
691, 3701
691, 3973
691, 5869
691, 6126
691, 7820
691, 8779
692, 744
692, 1269
692, 1429
692, 1742
692, 4512
692, 4949
692, 6173
692, 9153
692, 9559
693, 1739
693, 3489
694, 1577
694, 4522
694, 6338
694, 9084
694, 9412
695, 1613
695, 8342
695, 9106
696, 552
696, 3934
696, 5332
696, 8192
696, 8695
696, 8704
696, 8922
697, 8212
698, 5222
699, 1390
699, 1475
699, 5125
699, 5344
699, 9470
700, 1641
700, 8985
700, 9480
701, 3400
701, 5230
701, 8871
702, 2985
702, 3262
703, 1392
703, 5710
703, 9407
704, 297
704, 2219
704, 5132
704, 6356
704, 6566
704, 7822
705, 3028
705, 3092
705, 5188
705, 5250
705, 6040
705, 6505
705, 9666
706, 1706
706, 1927
706, 4224
706, 9823
707, 7582
707, 8261
708, 3086
708, 9055
709, 1130
709, 9891
710, 2617
711, 1652
711, 2149
711, 4622
712, 731
712, 3053
712, 4947
712, 5146
712, 7979
713, 3116
713, 3592
713, 6690
713, 6927
714, 5176
714, 5245
714, 8102
715, 576
715, 764
715, 1950
715, 3606
715, 7440
715, 9358
716, 2210
716, 3101
716, 4099
716, 7549
717, 503
717, 653
717, 4437
717, 6433
717, 8034
717, 9236
718, 406
718, 964
718, 5720
718, 8505
719, 2415
719, 2915
719, 4566
719, 8708
720, 4377
720, 7438
720, 8791
721, 3980
721, 8234
721, 8425
721, 8548
722, 618
722, 840
722, 1357
722, 2363
722, 3669
722, 4965
722, 5067
722, 9230
722, 9282
723, 1187
723, 7876
723, 9435
724, 1792
724, 2258
724, 2408
724, 5540
726, 2815
726, 4910
726, 5662
727, 327
728, 877
728, 1613
728, 4468
728, 5277
728, 5997
728, 6110
728, 6161
728, 8664
729, 993
729, 3003
729, 3623
729, 4974
729, 8361
729, 8449
730, 650
730, 2050
730, 3393
730, 5138
731, 437
731, 1827
731, 2120
731, 4761
731, 5693
731, 7233
731, 8077
731, 9099
731, 9471
732, 157
732, 1662
732, 1690
733, 3126
733, 9073
733, 9513
734, 2043
735, 301
735, 1513
735, 1825
735, 9064
736, 7001
736, 8091
736, 8553
737, 2563
737, 7928
739, 137
739, 5903
739, 8949
740, 5083
740, 7766
740, 8747
741, 2805
741, 2948
742, 4118
742, 5789
742, 6774
742, 7638
743, 4676
743, 5433
743, 5992
744, 848
745, 520
745, 1706
745, 2304
745, 7881
746, 1172
746, 1448
746, 4907
746, 5725
746, 7751
746, 8364
746, 9218
747, 1763
747, 1976
747, 3979
747, 7434
747, 9988
748, 1017
748, 3676
748, 5542
748, 7725
749, 292
749, 4880
749, 9155
750, 100
750, 5637
750, 5914
750, 8394
751, 6575
751, 6757
751, 6948
751, 7126
752, 1892
752, 4302
753, 2383
753, 4507
753, 8348
753, 9957
754, 2060
754, 4059
754, 5282
754, 5446
754, 8045
754, 9983
755, 966
755, 2017
755, 3045
755, 4783
755, 9046
756, 5142
756, 9262
757, 795
757, 3465
757, 6856
757, 7065
757, 9432
757, 9757
758, 1354
758, 3746
758, 4547
758, 5552
758, 6139
759, 578
759, 4788
759, 5255
759, 5690
759, 9981
760, 2550
761, 86
761, 1411
761, 1835
762, 254
762, 6213
763, 2216
763, 5691
763, 6669
763, 8556
764, 3243
764, 5683
764, 6372
764, 8699
765, 4903
765, 7049
766, 414
766, 4389
766, 7742
766, 9300
767, 105
767, 475
767, 5703
767, 6192
767, 9799
768, 2954
768, 5942
768, 7281
769, 1570
769, 4174
769, 5878
770, 1413
770, 1948
770, 2393
770, 8228
771, 1667
771, 3601
771, 3971
771, 5741
773, 303
773, 1904
773, 2311
773, 3038
773, 5569
773, 6150
773, 7671
774, 8300
775, 1937
775, 2681
775, 3776
775, 3859
775, 4380
775, 7896
776, 18
776, 970
776, 2206
776, 3354
776, 4520
776, 5880
776, 9934
777, 3781
777, 5031
777, 9018
778, 85
778, 1202
778, 3057
778, 7060
779, 5133
781, 1416
781, 3882
781, 4607
781, 8320
782, 4149
782, 4469
782, 6102
782, 8603
783, 5763
783, 6906
783, 8269
783, 8684
784, 2204
784, 3109
784, 4994
784, 5821
785, 2339
785, 7768
785, 9573
786, 1117
786, 2298
786, 3035
786, 4497
786, 8954
787, 3836
787, 6422
787, 9237
788, 2466
788, 8596
789, 2609
790, 4103
790, 6841
790, 7325
790, 8311
790, 8321
791, 428
791, 2339
791, 2725
791, 3885
791, 5146
791, 5794
791, 6288
791, 6676
791, 8788
792, 1746
792, 4214
792, 9334
793, 2189
793, 3227
793, 3254
794, 777
794, 1487
794, 1749
794, 2096
794, 2899
794, 4679
794, 6283
794, 7718
794, 9350
794, 9953
795, 474
795, 4705
796, 496
796, 7114
796, 7465
796, 8993
796, 9994
797, 2695
797, 3705
797, 4116
797, 7269
797, 8544
798, 1932
798, 8079
798, 8494
799, 795
799, 3503
800, 3130
800, 7093
800, 7282
801, 658
801, 2755
801, 4039
801, 5085
801, 6505
801, 8179
801, 9008
802, 1973
802, 8359
804, 2825
804, 3049
804, 3144
804, 5618
804, 7247
805, 1659
805, 2854
805, 9863
806, 4223
806, 8013
807, 1364
807, 1595
807, 4271
807, 5484
807, 6184
807, 6527
807, 7992
807, 9432
808, 196
808, 9547
809, 2389
809, 7556
809, 8271
810, 1063
810, 2475
810, 4560
810, 4721
810, 6823
810, 7726
811, 3944
811, 5026
811, 7182
811, 8793
812, 2362
812, 2422
812, 3046
812, 3160
812, 3725
812, 5451
812, 8498
813, 373
813, 1713
813, 1884
813, 9685
813, 9798
814, 27
814, 535
814, 1622
814, 5566
814, 5921
814, 8756
814, 9969
815, 330
815, 3239
815, 3941
815, 4629
815, 5534
815, 8694
816, 2929
816, 3340
816, 6710
816, 9890
817, 109
817, 1145
817, 5522
818, 2015
818, 2239
818, 3224
818, 6016
818, 8660
819, 36
819, 3839
819, 7294
819, 9198
819, 9278
820, 2378
820, 2634
820, 3187
820, 4076
820, 5558
820, 6208
820, 6930
820, 7162
820, 9999
821, 1784
821, 3588
821, 4762
821, 5784
821, 5854
822, 1313
822, 1379
822, 1842
822, 2404
822, 6326
822, 7623
822, 9281
823, 1123
823, 6670
823, 9329
824, 1891
824, 7074
824, 7078
825, 235
825, 2400
825, 9450
826, 279
826, 851
826, 6701
827, 3750
827, 5686
827, 5709
827, 6541
827, 8070
827, 9040
827, 9323
828, 6272
828, 6910
828, 7118
828, 7389
828, 9873
829, 1904
829, 2604
829, 3048
829, 4940
829, 6833
829, 8636
830, 2079
830, 2835
830, 5168
831, 448
831, 5964
831, 7037
831, 7365
831, 8638
832, 319
832, 1137
832, 2101
832, 3545
832, 3707
832, 4490
832, 5786
832, 6545
833, 1250
833, 4308
833, 7908
833, 8170
834, 6730
834, 7143
835, 5120
835, 8042
835, 9499
836, 4315
837, 7561
838, 2004
838, 3786
839, 363
839, 3220
839, 5172
839, 7648
840, 2213
840, 4537
840, 7314
840, 7690
840, 8391
840, 9680
841, 2316
841, 7417
842, 372
842, 4605
842, 8403
842, 8524
843, 1576
843, 7815
843, 9817
844, 1925
844, 5882
844, 6104
844, 6460
844, 8465
845, 155
845, 1257
845, 1785
845, 2058
845, 3829
845, 6131
845, 8218
846, 4880
846, 6305
846, 7709
846, 9659
847, 1220
847, 2644
847, 2665
847, 5773
847, 7728
847, 9959
848, 6845
848, 8103
849, 573
849, 6033
850, 1327
850, 1373
850, 4523
850, 7049
851, 1428
851, 2255
851, 2686
851, 3349
851, 3540
851, 4853
851, 8091
851, 8237
851, 8310
851, 9385
852, 1914
852, 2696
852, 3500
852, 6691
852, 6963
852, 8420
852, 9321
853, 3601
853, 4894
853, 6233
853, 6373
853, 6815
854, 92
854, 6200
854, 6624
855, 441
855, 3576
855, 3914
855, 6326
855, 9378
856, 307
856, 729
856, 856
856, 2934
857, 645
857, 6049
857, 7468
857, 8009
858, 4161
858, 5450
858, 9194
859, 2007
859, 3664
859, 5685
859, 5766
859, 7643
860, 5994
860, 6690
861, 7770
861, 9211
861, 9543
862, 1456
862, 2458
862, 4539
862, 5108
862, 7758
863, 1521
863, 2274
864, 4414
864, 5627
864, 7661
864, 9356
865, 639
865, 704
865, 7309
865, 9159
866, 1212
866, 2763
866, 7112
867, 629
867, 8004
868, 208
868, 287
868, 2999
869, 9749
870, 2790
870, 6209
870, 6475
870, 9217
871, 7738
871, 9280
871, 9493
872, 2044
872, 2586
872, 5510
873, 1793
873, 6664
873, 8551
874, 2535
874, 3455
874, 7048
874, 8368
874, 8910
875, 746
875, 2873
875, 5193
875, 6563
875, 9752
876, 3616
876, 6767
876, 7430
876, 9376
877, 1837
877, 6513
877, 6814
878, 1390
878, 4970
878, 6156
878, 7210
878, 7729
879, 1875
879, 5086
879, 5323
880, 7483
880, 8631
881, 290
881, 2858
881, 4681
881, 5568
881, 5592
881, 6097
881, 7917
881, 8001
881, 8714
882, 932
882, 2450
882, 7771
883, 1161
883, 1254
883, 4477
883, 4529
883, 5443
883, 6464
884, 3248
884, 3524
885, 3709
885, 7093
885, 8535
886, 1855
886, 2542
886, 5392
886, 9073
886, 9487
887, 84
887, 1017
887, 2303
888, 2454
888, 3884
888, 5450
888, 6364
888, 7557
889, 309
889, 1966
890, 2662
890, 9016
890, 9507
891, 111
891, 623
891, 1465
891, 3611
891, 6751
892, 320
892, 5927
892, 6041
892, 8417
892, 8967
893, 2013
893, 2782
893, 5953
893, 9520
894, 1413
894, 3883
894, 7139
894, 9582
895, 3098
895, 4869
895, 8557
896, 980
896, 2042
896, 2601
896, 8098
897, 265
897, 523
897, 2815
897, 4774
897, 6993
898, 2734
898, 3766
898, 6785
898, 8450
899, 1594
899, 4197
900, 1888
900, 2434
900, 6972
901, 5772
901, 6880
901, 9428
902, 1575
902, 2537
902, 6188
902, 7987
902, 8960
902, 9192
903, 314
903, 7744
903, 8666
904, 3541
904, 5723
905, 4775
905, 5584
905, 9864
906, 553
906, 811
906, 4587
906, 6508
907, 1460
907, 1814
907, 2963
907, 7091
907, 8955
908, 4592
908, 5101
908, 5679
908, 6581
908, 7398
908, 7845
909, 3495
909, 3722
909, 6134
909, 8909
909, 9056
911, 8215
911, 9028
911, 9049
912, 4728
912, 4837
912, 8336
913, 427
913, 9970
914, 857
914, 2503
914, 2597
914, 4183
914, 7535
914, 9801
915, 650
915, 830
915, 3470
916, 821
916, 7948
916, 8873
916, 9548
916, 9994
917, 5911
918, 2716
918, 3031
918, 4595
918, 7409
918, 7609
918, 8576
919, 1565
919, 2713
919, 4905
920, 2752
920, 5452
920, 6432
920, 6930
920, 7722
921, 7926
921, 8033
921, 9239
922, 1809
922, 1858
922, 5824
922, 8247
922, 9861
923, 2992
923, 4215
923, 4400
923, 9339
924, 717
924, 1778
924, 2071
924, 2203
924, 3051
924, 3933
924, 7890
925, 16
925, 3984
925, 8096
925, 8135
926, 490
926, 1571
926, 3022
926, 5244
926, 5263
927, 2207
927, 3694
928, 2528
928, 6887
928, 7925
928, 9197
929, 357
929, 2304
929, 3436
929, 4162
929, 9759
930, 1538
930, 2543
930, 2602
930, 5938
931, 3095
931, 7761
932, 1147
932, 2166
932, 2640
932, 4336
932, 5184
933, 510
933, 2036
933, 3477
933, 4816
933, 4937
933, 5774
933, 9224
934, 4415
934, 4874
934, 8802
935, 684
935, 794
935, 1762
935, 2355
935, 4160
935, 4181
935, 7130
935, 9998
936, 5659
936, 6196
936, 7474
936, 7759
936, 9133
936, 9492
937, 4031
937, 7179
937, 7462
938, 594
938, 4326
938, 4365
939, 3374
939, 5667
939, 8758
939, 9631
940, 322
940, 499
940, 3044
940, 4437
940, 5201
940, 6123
941, 6148
941, 6183
941, 8726
941, 9528
942, 3151
942, 3590
942, 4170
942, 8959
942, 9005
943, 4248
943, 6291
943, 8744
944, 8517
945, 2381
945, 3192
945, 6373
946, 3583
946, 8347
946, 9396
947, 548
947, 3522
947, 4044
948, 762
948, 1702
948, 3386
948, 3939
948, 4999
948, 6199
948, 8359
949, 350
949, 1046
949, 2240
949, 3058
949, 5090
949, 6241
949, 6459
950, 889
950, 6515
950, 7327
951, 1767
951, 5019
951, 8351
952, 4561
953, 1062
953, 1720
953, 1839
953, 4956
954, 2026
954, 2216
954, 7153
955, 6259
955, 8593
956, 3673
956, 6203
956, 8767
957, 5017
957, 5398
957, 7405
957, 9563
958, 95
958, 5615
958, 9130
959, 5714
959, 8916
960, 1233
960, 2682
960, 7708
960, 8327
960, 9581
961, 1365
961, 2761
961, 6904
962, 1159
962, 1356
962, 2960
962, 8692
963, 3849
963, 4315
963, 4517
964, 408
964, 3637
964, 8195
965, 419
965, 1815
965, 5964
965, 6030
965, 6378
965, 6486
965, 6615
965, 7546
965, 8679
966, 3867
966, 5571
966, 8615
966, 9378
967, 1874
967, 2510
967, 5160
968, 2613
968, 4285
968, 7077
968, 7585
969, 1016
969, 4650
969, 6134
969, 7548
970, 4545
970, 6436
970, 6453
970, 8611
971, 2076
971, 3925
971, 7017
972, 2827
972, 7030
972, 7481
973, 6693
973, 7840
974, 5877
974, 9265
974, 9497
975, 4136
975, 7698
975, 8339
975, 9579
976, 233
976, 491
976, 1122
976, 5527
976, 5692
976, 6004
976, 8257
977, 3088
977, 3713
977, 3969
978, 1207
978, 2189
978, 4824
978, 5271
978, 5703
978, 6121
979, 1301
979, 1600
979, 3060
979, 3844
979, 6957
979, 8825
980, 4873
980, 5562
981, 3900
981, 6487
981, 7242
981, 8824
981, 9849
982, 1556
982, 2589
982, 3215
982, 5287
983, 1807
983, 1928
983, 2272
983, 8340
984, 3658
984, 5150
984, 6645
984, 8508
985, 4265
985, 5952
985, 6051
985, 6107
985, 7334
986, 2711
986, 5369
986, 5906
986, 7458
986, 7833
986, 8787
987, 6385
987, 6716
987, 8855
987, 9140
988, 842
988, 4701
988, 5234
988, 6895
989, 6294
989, 8319
990, 2850
990, 5472
990, 5930
990, 8735
990, 9698
991, 7821
991, 8516
992, 3493
992, 5795
992, 8367
993, 392
993, 403
993, 537
993, 1027
993, 1862
993, 2642
993, 3370
993, 3504
993, 4441
993, 5265
993, 5657
994, 260
995, 171
995, 1175
995, 3720
995, 4904
995, 4986
995, 5815
995, 6335
995, 7026
995, 9629
996, 104
996, 833
996, 2119
996, 2716
996, 2996
996, 3092
996, 3343
996, 4440
996, 6034
996, 7753
996, 9331
997, 306
997, 404
997, 1460
997, 6681
997, 8404
998, 4370
998, 4874
998, 7996
998, 8144
999, 7137
999, 8453
999, 8804