0,1014,03:21:23,14,8,6,0
1,986,04:33:27,20,9,11,0
2,1973,04:51:19,20,7,13,0
3,1040,05:50:58,24,14,10,0
4,720,05:49:49,24,15,9,0
5,1931,04:52:43,19,11,8,0
6,923,03:25:40,15,5,10,0
7,1306,03:39:16,14,9,5,0
8,466,04:56:24,20,9,11,0
9,59,04:51:23,20,11,9,0
10,657,04:01:51,16,5,11,0
11,970,05:14:21,22,11,11,0
12,1492,04:02:12,19,10,9,0
13,366,04:03:17,16,6,10,0
14,253,03:57:32,18,10,8,0
15,622,03:07:50,15,5,10,0
16,100,05:18:53,21,10,11,0
17,136,04:26:39,18,5,13,0
18,1441,04:15:23,16,6,10,0
19,136,07:05:10,30,21,9,0
20,686,04:35:55,18,11,7,0
21,128,06:16:42,25,14,11,0
22,1671,03:21:26,14,6,8,0
23,519,05:50:56,23,8,15,0
24,1969,04:44:20,18,12,6,0
25,1909,04:56:40,21,10,11,0
26,1420,06:01:33,25,11,14,0
27,1109,05:37:40,24,10,14,0
28,1788,06:45:26,27,11,16,0
29,1160,05:24:21,23,7,16,0
30,706,04:41:18,20,10,10,0
31,906,03:47:47,15,9,6,0
32,1800,03:10:08,13,7,6,0
33,139,05:00:55,19,8,11,0
34,1078,04:18:29,16,7,9,0
35,319,07:15:55,27,13,14,0
36,749,03:42:27,16,3,13,0
37,1946,05:57:22,24,13,11,0
38,1790,04:06:53,17,10,7,0
39,1200,05:26:52,22,10,12,0
40,987,04:13:57,18,11,7,0
41,718,05:54:38,25,9,16,0
42,376,06:00:48,24,16,8,0
43,1643,05:42:16,23,13,10,0
44,640,06:27:24,28,16,12,0
45,1568,05:20:32,22,9,13,0
46,1183,04:59:40,21,10,11,0
47,611,02:24:40,10,5,5,0
48,808,03:29:03,13,6,7,0
49,481,05:04:41,22,10,12,0
50,262,04:39:59,19,8,11,0
51,1403,05:52:29,24,15,9,0
52,320,06:07:24,23,9,14,0
53,552,04:20:59,19,5,14,0
54,479,04:40:09,18,10,8,0
55,1388,03:44:57,16,6,10,0
56,1695,03:12:57,14,6,8,0
57,1453,04:49:58,19,13,6,0
58,418,02:43:06,13,9,4,0
59,858,05:37:52,26,9,17,0
60,1907,04:44:28,21,11,10,0
61,1914,02:29:46,11,5,6,0
62,235,04:31:40,19,6,13,0
63,1390,05:14:01,22,11,11,0
64,1355,06:30:23,28,14,14,0
65,221,05:07:27,20,10,10,0
66,158,04:38:44,20,8,12,0
67,479,03:31:16,16,10,6,0
68,608,04:51:27,19,11,8,0
69,461,03:07:57,12,6,6,0
70,942,03:45:16,15,8,7,0
71,924,04:13:12,19,10,9,0
72,1742,04:54:03,21,9,12,0
73,918,06:46:58,27,15,12,0
74,906,04:19:54,19,9,10,0
75,1544,05:36:43,24,15,9,0
76,60,06:04:23,23,9,14,0
77,960,07:51:20,32,20,12,0
78,394,05:47:35,23,9,14,0
79,675,06:18:11,28,16,12,0
80,1901,04:47:34,20,9,11,0
81,350,09:14:58,35,19,16,0
82,1984,03:39:19,16,5,11,0
83,1788,04:50:22,20,11,9,0
84,1613,02:37:14,11,7,4,0
85,1506,05:22:07,22,10,12,0
86,1996,06:12:12,24,12,12,0
87,555,04:13:16,20,10,10,0
88,452,03:26:51,15,8,7,0
89,1011,05:08:42,20,9,11,0
90,386,06:54:57,28,14,14,0
91,420,03:16:57,13,8,5,0
92,1980,04:16:03,18,12,6,0
93,39,04:49:14,19,11,8,0
94,1253,02:35:57,10,4,6,0
95,1572,03:10:21,13,7,6,0
96,106,04:35:48,17,10,7,0
97,673,03:56:27,18,7,11,0
98,132,04:25:07,17,8,9,0
99,458,04:06:52,18,10,8,0
100,683,05:11:20,21,11,10,0
101,1646,03:50:23,17,10,7,0
102,475,04:11:30,16,9,7,0
103,295,04:05:59,18,9,9,0
104,1455,05:00:52,21,15,6,0
105,1933,04:40:45,20,12,8,0
106,1375,04:30:33,17,10,7,0
107,395,05:38:24,24,16,8,0
108,257,03:52:53,17,13,4,0
109,1623,03:48:42,17,13,4,0
110,1779,02:12:37,9,7,2,0
111,607,04:18:17,18,12,6,0
112,715,04:50:22,19,9,10,0
113,1285,03:25:36,15,6,9,0
114,1965,04:25:06,18,9,9,0
115,926,05:35:11,23,14,9,0
116,1320,05:46:58,23,5,18,0
117,919,04:15:08,18,9,9,0
118,1900,05:49:39,26,16,10,0
119,25,04:07:28,17,7,10,0
120,1546,04:09:41,16,6,10,0
121,1347,04:43:29,19,10,9,0
122,1569,02:37:31,12,6,6,0
123,744,08:19:40,31,15,16,0
124,1969,04:52:45,19,11,8,0
125,636,04:45:54,20,8,12,0
126,1003,04:20:30,18,7,11,0
127,983,04:15:36,18,8,10,0
128,529,04:16:31,18,13,5,0
129,1739,04:21:21,18,10,8,0
130,964,03:29:35,14,7,7,0
131,1167,06:20:25,27,12,15,0
132,631,05:01:23,20,10,10,0
133,1872,04:47:21,21,14,7,0
134,1832,07:46:41,33,18,15,0
135,787,05:38:00,22,11,11,0
136,946,03:59:05,16,10,6,0
137,1178,04:40:00,19,11,8,0
138,1251,04:13:55,18,11,7,0
139,296,06:00:57,23,8,15,0
140,861,04:25:31,18,12,6,0
141,669,07:05:28,27,13,14,0
142,668,06:37:55,28,16,12,0
143,204,02:42:50,12,5,7,0
144,917,03:58:53,17,7,10,0
145,1624,03:44:37,15,8,7,0
146,1378,05:40:54,23,12,11,0
147,868,04:46:32,21,10,11,0
148,1988,05:30:55,22,10,12,0
149,22,06:57:16,28,13,15,0
150,619,03:20:38,14,8,6,0
151,1886,03:57:29,17,9,8,0
152,1597,05:19:59,22,10,12,0
153,18,07:15:41,29,18,11,0
154,1223,04:19:52,17,10,7,0
155,695,04:15:10,18,9,9,0
156,91,04:00:45,17,6,11,0
157,787,04:45:18,17,10,7,0
158,1735,04:18:40,18,8,10,0
159,1435,02:18:11,11,7,4,0
160,380,04:40:29,19,11,8,0
161,1435,06:04:33,25,9,16,0
162,1611,04:32:24,19,5,14,0
163,1426,02:58:55,14,6,8,0
164,61,04:47:40,21,14,7,0
165,1859,05:01:20,21,9,12,0
166,879,04:10:42,16,7,9,0
167,953,04:24:53,18,4,14,0
168,514,04:22:59,18,12,6,0
169,106,03:38:05,16,8,8,0
170,454,06:27:40,27,15,12,0
171,524,05:30:57,25,12,13,0
172,1522,04:40:10,19,8,11,0
173,1447,04:13:08,18,10,8,0
174,1677,06:17:25,25,8,17,0
175,1129,06:15:25,26,12,14,0
176,675,05:07:17,20,7,13,0
177,397,06:08:32,25,9,16,0
178,1745,04:04:30,18,10,8,0
179,1955,03:11:59,13,6,7,0
180,960,04:38:53,18,7,11,0
181,1885,04:10:40,17,7,10,0
182,1234,04:17:11,18,13,5,0
183,1993,04:35:17,19,10,9,0
184,1471,04:20:50,17,12,5,0
185,726,06:35:27,26,13,13,0
186,1814,05:48:19,25,15,10,0
187,1294,03:17:08,14,5,9,0
188,810,03:43:48,16,7,9,0
189,1106,08:29:47,34,17,17,0
190,591,05:44:09,24,14,10,0
191,67,06:03:48,25,14,11,0
192,1735,05:11:05,20,9,11,0
193,1287,04:14:03,19,10,9,0
194,369,04:21:22,16,9,7,0
195,484,03:38:55,14,2,12,0
196,1866,05:47:38,22,12,10,0
197,1888,04:36:06,17,6,11,0
198,551,03:24:52,15,9,6,0
199,873,03:42:38,15,9,6,0
200,883,04:45:35,20,12,8,0
201,1535,02:53:55,12,7,5,0
202,252,04:10:35,18,13,5,0
203,1950,04:55:30,19,2,17,0
204,316,04:32:05,19,10,9,0
205,390,04:51:52,20,9,11,0
206,1112,02:47:57,12,6,6,0
207,1923,06:58:16,29,16,13,0
208,951,03:25:30,15,8,7,0
209,736,03:57:41,16,5,11,0
210,1649,04:59:25,20,15,5,0
211,1502,04:16:57,18,9,9,0
212,737,05:27:49,22,10,12,0
213,694,07:28:02,30,15,15,0
214,343,03:48:50,17,5,12,0
215,1193,04:00:39,16,8,8,0
216,1789,04:26:45,19,10,9,0
217,202,04:10:17,20,12,8,0
218,104,04:30:03,18,11,7,0
219,1166,07:25:51,31,10,21,0
220,379,05:29:02,23,15,8,0
221,1929,03:52:24,16,6,10,0
222,1261,03:29:32,15,5,10,0
223,34,05:22:23,22,11,11,0
224,1190,06:21:47,26,7,19,0
225,1662,05:03:58,22,14,8,0
226,252,04:59:31,21,11,10,0
227,1599,04:42:43,21,12,9,0
228,1574,04:44:26,20,7,13,0
229,1687,03:22:56,13,6,7,0
230,278,07:07:21,28,14,14,0
231,582,04:48:43,18,10,8,0
232,1690,05:14:10,23,11,12,0
233,1566,05:30:57,22,9,13,0
234,1348,06:45:21,28,16,12,0
235,965,05:55:31,26,9,17,0
236,1275,04:23:41,19,10,9,0
237,1036,06:42:31,26,10,16,0
238,1638,05:44:31,22,11,11,0
239,1854,03:51:04,17,7,10,0
240,1439,04:47:48,18,9,9,0
241,731,05:48:09,25,9,16,0
242,377,02:52:09,12,7,5,0
243,493,04:28:50,19,13,6,0
244,459,05:15:25,20,9,11,0
245,1064,04:23:51,19,15,4,0
246,1268,04:26:44,19,13,6,0
247,752,06:01:26,24,14,10,0
248,3,05:53:28,26,14,12,0
249,825,05:21:12,24,14,10,0
250,1083,04:20:47,19,10,9,0
251,926,03:40:44,16,11,5,0
252,164,04:53:53,18,12,6,0
253,43,05:26:23,22,16,6,0
254,1191,04:39:47,19,7,12,0
255,32,04:57:46,19,11,8,0
256,851,04:45:08,18,12,6,0
257,587,05:09:18,21,7,14,0
258,724,06:24:47,27,17,10,0
259,621,06:56:33,28,13,15,0
260,947,04:34:26,20,10,10,0
261,552,03:16:32,15,4,11,0
262,1275,03:57:16,16,5,11,0
263,1633,05:12:23,21,10,11,0
264,931,03:05:55,13,8,5,0
265,1126,06:17:50,25,14,11,0
266,1823,03:46:02,15,8,7,0
267,1344,04:02:58,17,3,14,0
268,96,04:56:59,20,10,10,0
269,650,04:37:49,19,11,8,0
270,1014,05:24:54,22,9,13,0
271,1215,05:11:00,21,17,4,0
272,82,05:34:32,22,10,12,0
273,503,06:53:55,25,11,14,0
274,702,04:15:01,18,6,12,0
275,1793,05:14:04,21,13,8,0
276,1603,05:19:57,21,12,9,0
277,802,06:27:00,28,12,16,0
278,1196,03:53:13,17,5,12,0
279,1536,04:37:24,20,8,12,0
280,1753,04:18:39,19,9,10,0
281,1271,06:30:50,28,10,18,0
282,350,04:33:01,19,8,11,0
283,340,06:56:18,26,12,14,0
284,527,06:09:23,25,13,12,0
285,483,05:17:05,22,13,9,0
286,1529,03:44:52,15,8,7,0
287,225,05:10:37,19,10,9,0
288,1136,04:48:05,19,12,7,0
289,83,04:53:43,20,6,14,0
290,1479,05:50:09,25,11,14,0
291,1700,05:06:49,22,10,12,0
292,101,05:48:22,24,9,15,0
293,1050,04:08:43,16,2,14,0
294,1531,04:43:47,18,10,8,0
295,1233,05:59:36,24,10,14,0
296,1822,03:24:06,13,6,7,0
297,1973,05:25:33,21,15,6,0
298,796,05:38:28,24,13,11,0
299,79,06:27:59,27,11,16,0
300,1510,05:23:15,23,11,12,0
301,1153,06:00:35,24,9,15,0
302,1176,03:38:39,16,7,9,0
303,1080,05:54:55,26,9,17,0
304,1913,03:10:31,15,8,7,0
305,477,06:25:34,27,11,16,0
306,1247,05:14:21,25,9,16,0
307,1624,06:06:28,25,15,10,0
308,926,05:37:34,22,13,9,0
309,91,04:39:28,19,12,7,0
310,1325,06:35:10,25,19,6,0
311,269,03:43:27,14,6,8,0
312,555,03:51:34,17,12,5,0
313,237,06:56:49,27,10,17,0
314,1787,04:22:04,17,7,10,0
315,610,04:42:04,19,10,9,0
316,1087,04:55:34,19,12,7,0
317,37,03:48:43,16,6,10,0
318,765,05:23:00,23,12,11,0
319,818,02:51:45,12,5,7,0
320,1910,05:06:21,21,10,11,0
321,1441,02:50:30,14,8,6,0
322,1935,02:50:39,13,9,4,0
323,1332,05:32:42,22,9,13,0
324,229,05:09:19,21,8,13,0
325,611,06:57:27,29,10,19,0
326,268,04:02:15,17,9,8,0
327,1735,04:50:11,19,12,7,0
328,1422,04:33:33,20,7,13,0
329,1049,06:45:37,29,17,12,0
330,1667,05:52:04,23,12,11,0
331,246,06:37:17,27,14,13,0
332,1970,04:02:27,16,6,10,0
333,1654,04:08:00,19,12,7,0
334,1017,03:51:33,15,8,7,0
335,1079,04:46:35,18,9,9,0
336,780,04:26:22,18,7,11,0
337,1467,04:33:35,18,7,11,0
338,837,03:22:23,13,6,7,0
339,710,05:27:45,24,10,14,0
340,1391,07:41:24,32,17,15,0
341,1304,04:43:54,18,10,8,0
342,1425,04:40:59,20,7,13,0
343,1155,02:22:19,9,6,3,0
344,1098,04:33:51,19,11,8,0
345,1067,05:50:05,23,13,10,0
346,1591,04:26:11,20,8,12,0
347,1788,04:04:41,17,9,8,0
348,438,04:54:09,21,10,11,0
349,5,06:59:03,28,10,18,0
350,1336,05:14:54,21,9,12,0
351,902,03:44:00,17,7,10,0
352,404,04:03:19,16,6,10,0
353,1158,05:01:26,19,10,9,0
354,1697,04:39:53,18,12,6,0
355,276,02:56:31,13,9,4,0
356,149,03:22:41,14,5,9,0
357,1724,05:40:21,23,12,11,0
358,1899,05:12:05,22,13,9,0
359,544,07:11:08,30,13,17,0
360,593,06:43:38,27,12,15,0
361,1199,07:28:59,30,17,13,0
362,1102,05:27:06,22,14,8,0
363,1674,04:48:59,20,8,12,0
364,1552,04:45:05,20,13,7,0
365,1925,03:57:00,17,9,8,0
366,1153,05:05:48,20,9,11,0
367,1419,04:39:28,21,10,11,0
368,807,04:10:52,18,13,5,0
369,806,06:33:37,27,11,16,0
370,613,03:02:15,12,7,5,0
371,328,05:52:27,24,9,15,0
372,1928,04:56:36,22,8,14,0
373,1023,05:53:05,25,15,10,0
374,1131,05:13:19,22,11,11,0
375,1188,03:15:06,16,7,9,0
376,407,04:27:07,19,8,11,0
377,1598,04:37:27,19,11,8,0
378,1644,05:25:09,23,8,15,0
379,1591,05:15:19,21,15,6,0
380,636,04:45:47,20,4,16,0
381,1537,06:16:38,25,13,12,0
382,1362,03:45:25,14,8,6,0
383,924,05:23:28,22,12,10,0
384,1611,07:35:16,29,18,11,0
385,1922,06:12:05,24,13,11,0
386,647,05:31:06,22,14,8,0
387,756,05:00:19,22,11,11,0
388,1922,03:54:28,19,14,5,0
389,449,06:00:13,24,12,12,0
390,1890,06:11:22,24,13,11,0
391,36,05:23:25,22,15,7,0
392,125,05:11:04,21,13,8,0
393,575,05:26:39,21,10,11,0
394,1606,05:17:36,21,11,10,0
395,1949,03:52:39,16,3,13,0
396,53,03:02:49,13,8,5,0
397,773,05:02:32,20,15,5,0
398,1918,05:00:17,21,11,10,0
399,904,04:34:07,19,7,12,0
400,1480,04:16:23,17,11,6,0
401,567,03:37:53,15,8,7,0
402,121,05:14:44,23,18,5,0
403,923,05:21:27,23,16,7,0
404,1687,02:45:47,13,6,7,0
405,1929,04:04:13,17,8,9,0
406,1877,05:52:34,23,12,11,0
407,336,04:18:34,18,6,12,0
408,468,03:56:27,16,9,7,0
409,820,03:23:59,14,7,7,0
410,335,02:36:55,12,7,5,0
411,55,04:45:01,20,14,6,0
412,1522,05:38:03,23,13,10,0
413,726,04:54:46,21,8,13,0
414,411,03:34:20,16,8,8,0
415,1851,03:50:41,17,10,7,0
416,1531,05:42:55,24,9,15,0
417,790,04:19:30,18,10,8,0
418,1319,05:05:53,21,14,7,0
419,93,04:32:07,17,11,6,0
420,1663,05:38:38,21,9,12,0
421,866,04:53:13,19,14,5,0
422,63,05:37:38,23,11,12,0
423,577,03:34:52,14,7,7,0
424,548,05:01:08,19,12,7,0
425,633,05:48:33,24,14,10,0
426,1818,04:45:36,19,7,12,0
427,409,07:01:32,28,9,19,0
428,524,04:56:30,20,12,8,0
429,1693,06:13:20,26,7,19,0
430,1307,04:30:48,18,12,6,0
431,1573,04:53:05,18,7,11,0
432,1008,03:55:02,15,8,7,0
433,1956,06:39:43,28,13,15,0
434,1201,05:49:30,25,11,14,0
435,1287,02:45:57,12,7,5,0
436,1620,03:42:50,14,12,2,0
437,1190,04:47:50,23,13,10,0
438,599,04:19:04,18,8,10,0
439,590,04:32:42,18,12,6,0
440,1378,03:10:32,15,7,8,0
441,13,04:22:49,18,6,12,0
442,70,07:17:32,29,10,19,0
443,1465,04:39:15,18,12,6,0
444,671,03:37:11,15,7,8,0
445,570,05:17:20,21,11,10,0
446,435,05:44:53,22,10,12,0
447,1499,04:00:59,15,8,7,0
448,944,02:58:19,13,6,7,0
449,970,06:37:17,28,17,11,0
450,659,05:55:57,25,7,18,0
451,1899,08:13:13,36,23,13,0
452,538,03:15:01,14,7,7,0
453,1990,04:13:28,15,10,5,0
454,1029,02:51:28,12,5,7,0
455,1502,03:40:55,14,7,7,0
456,1307,03:50:48,16,4,12,0
457,1200,06:14:25,24,13,11,0
458,185,03:44:18,17,7,10,0
459,368,06:09:52,25,16,9,0
460,608,04:59:00,20,14,6,0
461,328,06:33:30,28,12,16,0
462,1201,04:08:47,17,7,10,0
463,1424,05:38:55,24,16,8,0
464,1761,04:11:47,18,8,10,0
465,1932,05:19:01,22,10,12,0
466,1385,03:59:09,17,6,11,0
467,1189,05:52:13,24,11,13,0
468,362,04:31:48,19,11,8,0
469,439,06:13:21,27,17,10,0
470,1194,03:11:52,12,4,8,0
471,1682,08:00:49,32,15,17,0
472,1461,04:58:04,21,14,7,0
473,902,05:13:57,20,12,8,0
474,181,02:10:36,9,5,4,0
475,848,02:59:43,13,7,6,0
476,319,06:03:17,25,12,13,0
477,1831,05:29:11,22,14,8,0
478,1543,05:06:18,20,10,10,0
479,1453,04:55:44,21,10,11,0
480,526,04:48:56,20,10,10,0
481,1983,05:55:21,26,12,14,0
482,266,06:12:31,25,8,17,0
483,469,05:49:28,24,15,9,0
484,110,03:33:52,15,10,5,0
485,1514,03:33:44,15,7,8,0
486,48,04:10:43,16,8,8,0
487,562,05:09:05,21,14,7,0
488,751,04:29:53,17,9,8,0
489,1711,04:05:34,17,7,10,0
490,479,06:31:18,27,17,10,0
491,1328,04:11:15,17,6,11,0
492,1885,06:18:59,26,15,11,0
493,1294,04:55:53,19,11,8,0
494,815,03:27:13,14,7,7,0
495,1341,05:39:17,22,10,12,0
496,160,04:23:13,18,8,10,0
497,129,05:45:03,24,10,14,0
498,338,04:41:31,19,10,9,0
499,1593,03:18:40,13,10,3,0
500,936,04:37:46,21,11,10,0
501,1880,04:32:05,20,9,11,0
502,470,06:09:50,27,10,17,0
503,535,04:24:14,17,8,9,0
504,673,04:01:59,18,14,4,0
505,1477,06:09:23,26,12,14,0
506,1579,03:31:04,14,6,8,0
507,864,05:02:18,22,11,11,0
508,1729,03:44:43,15,11,4,0
509,1385,05:29:05,22,11,11,0
510,1520,06:16:02,27,10,17,0
511,1070,04:51:34,20,11,9,0
512,1680,05:21:58,21,14,7,0
513,270,04:28:35,18,7,11,0
514,156,03:40:45,16,11,5,0
515,105,04:14:40,17,7,10,0
516,1173,02:01:34,8,3,5,0
517,1013,03:40:33,15,6,9,0
518,443,07:54:50,32,17,15,0
519,138,04:10:51,18,8,10,0
520,629,04:24:28,18,11,7,0
521,407,04:16:12,19,8,11,0
522,1668,06:35:59,25,12,13,0
523,167,06:43:28,28,18,10,0
524,1971,03:21:30,13,7,6,0
525,467,04:03:15,17,11,6,0
526,911,04:09:30,17,9,8,0
527,1799,03:47:21,16,5,11,0
528,162,05:51:19,22,12,10,0
529,109,05:04:13,21,10,11,0
530,112,05:37:10,23,10,13,0
531,1891,05:18:48,24,16,8,0
532,801,05:33:55,23,14,9,0
533,903,02:52:09,13,6,7,0
534,505,03:19:41,12,5,7,0
535,416,03:39:32,15,10,5,0
536,887,03:37:29,14,4,10,0
537,7,03:36:42,15,8,7,0
538,665,03:47:08,15,8,7,0
539,1617,04:16:26,17,8,9,0
540,460,05:03:39,21,9,12,0
541,1540,04:53:34,19,7,12,0
542,203,03:34:35,14,9,5,0
543,773,05:18:41,20,11,9,0
544,1993,06:15:01,26,11,15,0
545,1528,06:21:26,24,11,13,0
546,138,02:37:52,11,5,6,0
547,74,03:54:11,17,10,7,0
548,186,03:20:29,13,5,8,0
549,1792,05:30:21,22,8,14,0
550,1152,03:23:37,15,8,7,0
551,1381,04:17:36,16,9,7,0
552,562,04:51:14,20,10,10,0
553,378,05:57:44,24,15,9,0
554,19,04:41:07,21,10,11,0
555,164,05:49:04,24,14,10,0
556,298,04:30:45,19,8,11,0
557,374,05:58:12,24,11,13,0
558,1926,04:09:48,19,9,10,0
559,1664,05:28:36,24,12,12,0
560,113,04:02:33,16,7,9,0
561,236,03:55:49,16,10,6,0
562,1009,05:14:39,21,7,14,0
563,479,03:55:15,16,5,11,0
564,183,05:03:19,19,7,12,0
565,615,04:22:37,18,9,9,0
566,1997,04:27:13,19,15,4,0
567,1397,05:03:31,21,4,17,0
568,195,05:54:09,24,9,15,0
569,286,06:21:52,27,15,12,0
570,1661,05:21:40,22,7,15,0
571,442,04:05:44,17,11,6,0
572,519,03:16:21,15,6,9,0
573,1262,06:17:27,24,11,13,0
574,1069,03:52:27,17,8,9,0
575,971,03:55:23,17,9,8,0
576,1538,09:24:46,38,17,21,0
577,1243,05:14:34,22,10,12,0
578,1898,05:43:00,22,12,10,0
579,648,05:37:58,22,13,9,0
580,915,07:06:41,28,14,14,0
581,683,04:04:32,17,9,8,0
582,346,03:49:57,16,7,9,0
583,1840,04:24:52,20,7,13,0
584,117,05:05:40,20,13,7,0
585,1849,05:37:35,24,12,12,0
586,1660,06:44:07,27,8,19,0
587,1460,06:52:43,28,16,12,0
588,549,06:06:57,26,16,10,0
589,1959,07:01:24,29,14,15,0
590,1793,04:32:42,17,10,7,0
591,644,04:40:52,20,12,8,0
592,473,03:32:31,16,9,7,0
593,510,06:27:42,25,14,11,0
594,444,05:15:10,21,6,15,0
595,374,05:39:58,23,11,12,0
596,1992,05:14:49,21,14,7,0
597,989,04:25:00,18,10,8,0
598,799,04:14:29,17,8,9,0
599,918,05:49:11,22,10,12,0
600,1615,07:05:41,27,13,14,0
601,1732,03:28:37,15,10,5,0
602,1752,05:19:31,21,12,9,0
603,758,05:17:48,23,10,13,0
604,1262,03:06:30,12,3,9,0
605,498,03:49:14,16,10,6,0
606,344,04:29:46,16,6,10,0
607,344,04:08:28,16,5,11,0
608,1989,03:16:52,14,10,4,0
609,21,04:47:42,20,9,11,0
610,1210,05:04:15,23,12,11,0
611,1051,06:15:41,24,10,14,0
612,1314,04:20:44,17,8,9,0
613,1980,04:58:19,21,8,13,0
614,334,05:42:13,24,16,8,0
615,569,05:06:06,21,12,9,0
616,43,05:03:19,23,8,15,0
617,1972,05:46:27,24,10,14,0
618,1836,04:33:01,19,7,12,0
619,1786,07:00:51,29,13,16,0
620,414,04:28:16,18,9,9,0
621,828,05:42:17,23,11,12,0
622,1124,04:53:45,18,9,9,0
623,1409,04:03:24,16,9,7,0
624,1023,05:39:17,21,9,12,0
625,655,06:37:02,27,13,14,0
626,712,05:52:29,25,9,16,0
627,485,06:57:10,28,20,8,0
628,934,05:18:13,25,16,9,0
629,888,03:37:53,14,5,9,0
630,211,03:57:54,16,13,3,0
631,1574,03:59:06,17,10,7,0
632,1016,03:29:07,14,4,10,0
633,1202,02:41:52,12,10,2,0
634,773,05:14:58,22,11,11,0
635,706,06:16:28,24,13,11,0
636,356,02:59:40,13,4,9,0
637,829,07:13:02,28,14,14,0
638,53,06:35:20,27,11,16,0
639,1527,03:40:05,16,5,11,0
640,771,07:10:54,28,14,14,0
641,1334,05:49:29,26,15,11,0
642,258,05:29:05,23,10,13,0
643,262,06:14:55,25,13,12,0
644,620,04:09:45,18,12,6,0
645,999,05:44:47,23,14,9,0
646,1562,03:49:41,16,7,9,0
647,1472,04:21:29,18,13,5,0
648,1110,04:13:53,16,8,8,0
649,1557,06:05:10,25,15,10,0
650,1050,04:12:04,17,9,8,0
651,252,05:26:19,24,11,13,0
652,1223,04:47:46,20,18,2,0
653,617,05:35:07,24,16,8,0
654,56,05:58:59,24,15,9,0
655,1030,04:42:29,19,8,11,0
656,1637,06:17:03,27,13,14,0
657,235,04:31:03,21,9,12,0
658,333,02:16:12,9,5,4,0
659,398,05:12:42,21,13,8,0
660,1987,03:10:46,14,8,6,0
661,692,05:46:44,23,12,11,0
662,1209,05:09:13,22,11,11,0
663,344,03:55:34,16,10,6,0
664,269,07:01:41,28,10,18,0
665,857,04:31:54,20,11,9,0
666,792,03:51:03,16,4,12,0
667,636,04:32:49,19,8,11,0
668,662,05:15:52,21,8,13,0
669,1903,03:45:05,16,5,11,0
670,1433,02:10:04,9,4,5,0
671,1282,04:39:34,21,7,14,0
672,1038,05:56:05,23,12,11,0
673,236,05:49:33,26,16,10,0
674,1921,05:26:19,21,9,12,0
675,1497,04:18:04,18,8,10,0
676,391,05:13:29,21,9,12,0
677,1841,03:26:35,15,7,8,0
678,336,04:35:02,18,10,8,0
679,435,05:03:58,18,8,10,0
680,324,03:44:30,16,8,8,0
681,227,04:02:27,16,7,9,0
682,1506,04:45:26,21,12,9,0
683,1186,05:38:19,24,9,15,0
684,1719,04:39:33,18,8,10,0
685,713,06:01:19,24,14,10,0
686,1286,04:51:59,20,9,11,0
687,597,05:00:03,20,9,11,0
688,1461,05:52:48,24,9,15,0
689,1187,04:52:31,19,10,9,0
690,1877,04:41:49,20,13,7,0
691,662,04:54:31,19,9,10,0
692,1425,06:12:18,26,14,12,0
693,1590,05:08:42,22,12,10,0
694,1231,04:16:37,19,9,10,0
695,424,03:51:13,16,9,7,0
696,1925,03:18:48,13,4,9,0
697,84,02:42:55,11,4,7,0
698,1376,04:17:18,20,11,9,0
699,1969,04:19:43,17,11,6,0
700,847,04:49:54,19,9,10,0
701,448,04:08:36,18,10,8,0
702,784,05:36:29,22,13,9,0
703,1898,06:18:09,25,14,11,0
704,1209,03:24:52,13,8,5,0
705,690,05:34:15,22,13,9,0
706,80,07:04:55,29,19,10,0
707,1535,05:50:31,24,12,12,0
708,147,04:41:23,21,15,6,0
709,1422,04:58:07,20,13,7,0
710,411,05:22:23,24,11,13,0
711,723,04:14:48,18,9,9,0
712,236,04:05:01,16,8,8,0
713,607,04:56:21,21,11,10,0
714,1637,05:29:07,22,9,13,0
715,715,03:19:11,14,7,7,0
716,45,05:07:53,21,13,8,0
717,1895,04:31:58,18,6,12,0
718,1418,04:25:23,19,10,9,0
719,131,03:18:55,15,8,7,0
720,919,01:46:43,8,6,2,0
721,196,04:56:22,21,10,11,0
722,1999,07:29:06,30,13,17,0
723,1739,06:20:46,26,12,14,0
724,1147,05:31:37,22,12,10,0
725,943,05:29:46,25,8,17,0
726,1758,03:19:03,12,5,7,0
727,1455,06:47:44,27,13,14,0
728,393,02:28:44,11,4,7,0
729,1134,04:30:16,17,10,7,0
730,703,05:18:45,22,13,9,0
731,1326,08:16:36,35,21,14,0
732,771,03:26:57,15,8,7,0
733,16,05:46:52,25,10,15,0
734,575,05:19:09,22,15,7,0
735,208,04:40:53,22,10,12,0
736,554,03:48:57,16,9,7,0
737,785,05:21:43,22,9,13,0
738,1778,03:57:29,16,7,9,0
739,1089,04:19:30,18,11,7,0
740,1659,05:37:52,23,10,13,0
741,1975,06:16:40,25,17,8,0
742,528,03:40:35,16,8,8,0
743,735,05:59:12,25,11,14,0
744,1259,04:21:23,17,8,9,0
745,294,06:28:09,26,15,11,0
746,1104,03:31:26,16,9,7,0
747,1484,05:03:57,21,7,14,0
748,768,06:17:26,25,10,15,0
749,513,03:43:50,16,7,9,0
750,223,05:12:41,21,11,10,0
751,259,06:58:56,29,13,16,0
752,1211,04:38:08,20,12,8,0
753,1781,02:04:39,9,4,5,0
754,757,03:55:50,17,7,10,0
755,1328,06:34:19,27,12,15,0
756,1830,05:56:39,24,14,10,0
757,1983,03:24:11,15,6,9,0
758,65,04:26:23,18,7,11,0
759,1790,06:21:59,26,13,13,0
760,111,02:43:54,10,2,8,0
761,206,05:22:41,22,12,10,0
762,1653,04:23:57,18,12,6,0
763,1231,04:00:02,16,8,8,0
764,1773,04:03:53,17,8,9,0
765,898,05:09:29,23,12,11,0
766,472,05:02:42,20,10,10,0
767,1826,04:38:09,20,11,9,0
768,1120,03:16:49,15,7,8,0
769,266,05:19:18,21,10,11,0
770,1380,05:39:47,23,12,11,0
771,383,03:57:17,16,7,9,0
772,43,03:40:13,15,6,9,0
773,54,05:36:37,23,10,13,0
774,372,03:56:39,17,8,9,0
775,600,04:02:44,18,11,7,0
776,1743,03:10:31,13,6,7,0
777,823,02:04:52,9,4,5,0
778,273,04:08:46,18,8,10,0
779,1320,05:48:30,24,14,10,0
780,954,04:00:17,16,11,5,0
781,1894,06:10:53,25,16,9,0
782,244,05:35:29,22,4,18,0
783,415,05:23:18,25,14,11,0
784,212,04:24:45,19,8,11,0
785,754,06:04:29,25,12,13,0
786,858,05:27:28,22,9,13,0
787,983,03:42:05,16,10,6,0
788,813,03:29:17,14,4,10,0
789,1973,04:37:53,18,13,5,0
790,482,04:17:41,18,10,8,0
791,127,05:44:36,23,7,16,0
792,1824,05:02:57,22,10,12,0
793,290,04:30:23,18,10,8,0
794,547,03:52:35,16,8,8,0
795,161,06:09:56,26,11,15,0
796,3,03:27:58,14,8,6,0
797,718,02:58:25,12,6,6,0
798,701,03:55:14,17,7,10,0
799,231,05:50:46,25,14,11,0
800,312,02:55:03,12,4,8,0
801,680,05:14:01,23,13,10,0
802,704,05:52:56,25,13,12,0
803,1035,04:57:31,21,6,15,0
804,340,03:29:11,15,9,6,0
805,1790,03:45:22,16,7,9,0
806,133,03:44:07,15,5,10,0
807,122,04:09:17,18,9,9,0
808,70,03:59:52,16,7,9,0
809,356,03:18:11,12,4,8,0
810,1371,03:02:22,13,6,7,0
811,1760,06:25:13,26,13,13,0
812,1044,03:54:34,16,11,5,0
813,571,04:40:29,20,9,11,0
814,731,04:28:13,18,11,7,0
815,1886,04:48:09,19,7,12,0
816,1852,03:53:58,15,9,6,0
817,1878,06:52:30,27,12,15,0
818,1561,06:17:24,24,18,6,0
819,787,03:18:37,15,5,10,0
820,74,04:29:40,18,7,11,0
821,1191,04:03:21,15,7,8,0
822,974,05:11:55,20,7,13,0
823,888,04:31:34,20,9,11,0
824,1777,05:13:48,22,7,15,0
825,1942,03:58:10,16,8,8,0
826,722,04:23:05,18,8,10,0
827,142,05:15:50,20,12,8,0
828,108,04:24:19,17,8,9,0
829,86,04:10:12,17,7,10,0
830,375,03:40:48,16,6,10,0
831,802,05:14:30,21,10,11,0
832,1258,04:32:04,19,12,7,0
833,419,06:27:22,25,14,11,0
834,1040,04:16:47,18,7,11,0
835,341,06:15:11,26,15,11,0
836,227,03:59:03,17,9,8,0
837,1449,05:48:56,24,16,8,0
838,256,04:33:23,18,11,7,0
839,493,05:24:41,21,10,11,0
840,1137,04:16:13,17,7,10,0
841,1888,04:10:02,18,9,9,0
842,630,05:20:08,24,9,15,0
843,363,05:28:34,21,11,10,0
844,1592,05:29:04,22,10,12,0
845,185,03:45:10,17,7,10,0
846,224,04:20:34,17,9,8,0
847,83,02:27:02,11,3,8,0
848,1178,04:20:46,17,6,11,0
849,289,06:19:26,26,9,17,0
850,71,04:52:09,19,10,9,0
851,166,04:06:55,18,7,11,0
852,279,05:49:51,24,14,10,0
853,300,05:25:53,21,12,9,0
854,685,03:15:50,14,5,9,0
855,591,03:59:50,16,5,11,0
856,1120,03:35:24,15,6,9,0
857,350,05:27:36,23,15,8,0
858,1940,03:50:10,17,9,8,0
859,1053,03:34:38,16,8,8,0
860,902,04:54:33,22,7,15,0
861,228,06:20:00,27,12,15,0
862,302,04:16:24,19,8,11,0
863,490,04:15:20,17,10,7,0
864,472,04:29:32,18,11,7,0
865,1231,03:01:01,12,8,4,0
866,1805,05:49:24,22,15,7,0
867,1292,05:45:18,23,11,12,0
868,676,04:34:59,19,7,12,0
869,1156,05:17:56,21,7,14,0
870,253,03:37:32,16,8,8,0
871,708,05:07:51,23,12,11,0
872,1094,05:31:24,22,10,12,0
873,1195,03:58:45,17,8,9,0
874,405,06:26:23,26,13,13,0
875,1418,05:17:48,21,8,13,0
876,1401,05:34:04,23,10,13,0
877,262,04:20:09,17,6,11,0
878,613,04:09:56,16,7,9,0
879,1812,04:26:47,20,10,10,0
880,959,06:48:29,28,15,13,0
881,791,04:01:19,16,7,9,0
882,1939,05:37:17,23,11,12,0
883,1793,04:54:35,21,11,10,0
884,676,04:05:37,16,6,10,0
885,616,04:00:56,16,8,8,0
886,630,04:12:15,19,11,8,0
887,268,03:53:04,17,6,11,0
888,2000,04:57:45,21,10,11,0
889,615,07:04:02,27,14,13,0
890,1478,05:33:36,23,12,11,0
891,1089,03:45:28,15,4,11,0
892,858,04:04:35,17,6,11,0
893,466,04:29:42,18,10,8,0
894,1247,04:54:23,21,12,9,0
895,1919,04:13:29,18,12,6,0
896,591,04:30:11,19,13,6,0
897,81,07:22:44,27,10,17,0
898,452,03:58:25,15,10,5,0
899,674,04:44:55,20,10,10,0
900,413,05:12:48,22,13,9,0
901,1285,05:43:31,23,12,11,0
902,836,04:28:37,18,8,10,0
903,1587,04:28:12,17,9,8,0
904,107,06:25:43,28,15,13,0
905,708,04:10:30,19,8,11,0
906,788,04:18:09,19,10,9,0
907,410,04:59:49,21,13,8,0
908,15,04:01:09,17,9,8,0
909,715,05:16:30,21,8,13,0
910,267,07:23:12,30,13,17,0
911,762,04:50:21,21,10,11,0
912,1625,04:09:56,16,10,6,0
913,687,05:06:22,21,12,9,0
914,622,06:15:01,25,15,10,0
915,1326,04:03:54,16,8,8,0
916,1620,04:51:35,21,8,13,0
917,450,07:08:23,28,17,11,0
918,427,04:25:03,18,8,10,0
919,509,05:10:43,20,11,9,0
920,759,03:28:22,14,7,7,0
921,233,05:05:24,22,9,13,0
922,1434,06:27:25,29,16,13,0
923,58,04:38:25,19,7,12,0
924,1560,04:46:01,20,11,9,0
925,1331,06:16:06,25,9,16,0
926,234,05:39:34,24,12,12,0
927,515,04:17:30,17,8,9,0
928,1143,05:34:38,22,7,15,0
929,28,03:41:04,16,6,10,0
930,536,06:10:55,26,13,13,0
931,671,05:43:45,24,11,13,0
932,1461,04:00:04,16,6,10,0
933,1430,04:15:08,18,7,11,0
934,1487,04:12:23,18,9,9,0
935,392,04:34:45,19,13,6,0
936,1220,04:29:02,18,12,6,0
937,806,04:42:29,18,10,8,0
938,904,05:01:47,21,14,7,0
939,1699,04:12:54,18,12,6,0
940,1949,04:17:18,17,9,8,0
941,928,04:53:40,20,7,13,0
942,1269,05:52:24,21,13,8,0
943,229,05:24:27,23,11,12,0
944,1289,05:31:14,22,11,11,0
945,431,01:57:15,8,2,6,0
946,1015,05:18:08,22,11,11,0
947,683,05:24:18,21,11,10,0
948,229,04:13:48,16,7,9,0
949,904,04:33:27,18,7,11,0
950,1974,04:54:29,20,10,10,0
951,1655,05:16:52,21,13,8,0
952,734,04:29:14,19,8,11,0
953,102,04:11:04,17,9,8,0
954,952,04:24:13,18,12,6,0
955,101,05:27:05,24,9,15,0
956,1428,04:31:27,17,5,12,0
957,1942,04:30:31,19,9,10,0
958,706,06:17:16,25,13,12,0
959,1991,03:56:12,16,9,7,0
960,1860,06:33:44,26,10,16,0
961,1128,04:22:57,18,8,10,0
962,131,04:18:01,19,11,8,0
963,892,05:26:30,22,12,10,0
964,1766,04:04:56,17,8,9,0
965,739,07:41:05,31,15,16,0
966,206,05:02:37,21,12,9,0
967,87,06:06:18,27,15,12,0
968,1484,04:23:40,20,15,5,0
969,45,04:27:38,18,12,6,0
970,1682,05:02:25,21,10,11,0
971,847,07:07:33,30,8,22,0
972,1133,06:40:00,27,15,12,0
973,860,04:07:39,17,10,7,0
974,1805,03:19:35,15,7,8,0
975,922,05:00:04,21,11,10,0
976,1548,04:29:04,19,10,9,0
977,1467,04:46:59,19,13,6,0
978,1929,04:48:07,21,12,9,0
979,1262,04:37:11,19,7,12,0
980,234,06:40:24,28,14,14,0
981,1758,04:10:50,17,5,12,0
982,58,03:34:28,16,8,8,0
983,1823,04:35:55,23,14,9,0
984,189,08:23:54,36,22,14,0
985,725,06:15:08,25,11,14,0
986,797,05:20:26,20,7,13,0
987,791,05:26:36,22,11,11,0
988,41,05:27:48,24,12,12,0
989,1811,04:39:00,20,10,10,0
990,331,04:38:45,19,10,9,0
991,1249,04:42:23,19,10,9,0
992,107,06:50:25,29,16,13,0
993,586,05:22:41,22,11,11,0
994,1908,04:40:07,19,13,6,0
995,347,06:33:08,26,11,15,0
996,1501,04:27:08,18,7,11,0
997,805,05:56:36,24,11,13,0
998,205,03:51:11,15,9,6,0
999,1398,04:25:10,19,10,9,0